logoutlocation:
  world: world
  x: -203.88371447791923
  y: 65.0
  z: 378.7978561763017
  yaw: 156.00958
  pitch: 8.100004
timestamps:
  login: 1377969200563
  logout: 1377969436467
ipAddress: 98.207.152.213
